
================================
| IO Statistics                |
|                              |
| Interval size: 2 secs        |
| Col 1: Frames and bytes      |
|------------------------------|
|            |1                |
| Interval   | Frames |  Bytes |
|------------------------------|
|   0 <>   2 |    275 | 220626 |
|   2 <>   4 |    308 | 249908 |
|   4 <>   6 |    263 | 199020 |
|   6 <>   8 |    164 | 133928 |
|   8 <>  10 |    243 | 187378 |
|  10 <>  12 |    240 | 180424 |
|  12 <>  14 |    193 | 134479 |
|  14 <>  16 |    147 | 100714 |
|  16 <>  18 |    330 | 264018 |
|  18 <>  20 |    222 | 169782 |
|  20 <>  22 |    185 | 150375 |
|  22 <>  24 |    162 | 126888 |
|  24 <>  26 |    191 | 154881 |
|  26 <>  28 |    244 | 191053 |
|  28 <>  30 |    182 | 147784 |
|  30 <>  32 |    240 | 187142 |
|  32 <>  34 |    173 | 136775 |
|  34 <>  36 |    213 | 162495 |
|  36 <>  38 |    201 | 162307 |
|  38 <>  40 |    274 | 209341 |
|  40 <>  42 |    244 | 191615 |
|  42 <>  44 |    246 | 198159 |
|  44 <>  46 |    285 | 226697 |
|  46 <>  48 |    220 | 173565 |
|  48 <>  50 |    300 | 226813 |
|  50 <>  52 |    271 | 224524 |
|  52 <>  54 |    260 | 196545 |
|  54 <>  56 |    117 |  92360 |
|  56 <>  58 |    263 | 193515 |
|  58 <>  60 |    145 | 116804 |
|  60 <>  62 |    231 | 180118 |
|  62 <>  64 |    230 | 187228 |
|  64 <>  66 |    158 | 124333 |
|  66 <>  68 |    157 | 113949 |
|  68 <>  70 |    239 | 185238 |
|  70 <>  72 |    259 | 192044 |
|  72 <>  74 |    217 | 167093 |
|  74 <>  76 |    285 | 210989 |
|  76 <>  78 |    278 | 222257 |
|  78 <>  80 |    240 | 190355 |
|  80 <>  82 |    265 | 203090 |
|  82 <>  84 |    235 | 189926 |
|  84 <>  86 |    298 | 225163 |
|  86 <>  88 |    260 | 210369 |
|  88 <>  90 |    299 | 215240 |
|  90 <>  92 |    370 | 259599 |
|  92 <>  94 |    241 | 173834 |
|  94 <>  96 |    251 | 198298 |
|  96 <>  98 |    242 | 186994 |
|  98 <> 100 |    280 | 223451 |
| 100 <> 102 |    291 | 234992 |
| 102 <> 104 |    282 | 217376 |
| 104 <> 106 |    258 | 202633 |
| 106 <> 108 |    249 | 192199 |
| 108 <> 110 |    174 | 140396 |
| 110 <> 112 |    353 | 280644 |
| 112 <> 114 |    221 | 179947 |
| 114 <> 116 |    244 | 193379 |
| 116 <> 118 |    244 | 195446 |
| 118 <> 120 |    289 | 234230 |
| 120 <> 122 |    251 | 202689 |
| 122 <> 124 |    258 | 200365 |
| 124 <> 126 |    235 | 163604 |
| 126 <> 128 |    631 | 283800 |
| 128 <> 130 |    488 | 305817 |
| 130 <> 132 |    400 | 278303 |
| 132 <> 134 |    340 | 261602 |
| 134 <> 136 |    181 | 143322 |
| 136 <> 138 |    308 | 238257 |
| 138 <> 140 |    216 | 173415 |
| 140 <> 142 |    315 | 233589 |
| 142 <> 144 |    422 | 289129 |
| 144 <> 146 |    317 | 259407 |
| 146 <> 148 |    369 | 297535 |
| 148 <> 150 |    486 | 394994 |
| 150 <> 152 |    394 | 310300 |
| 152 <> 154 |    474 | 384708 |
| 154 <> 156 |    425 | 341594 |
| 156 <> 158 |    416 | 336685 |
| 158 <> 160 |    358 | 293928 |
| 160 <> 162 |    389 | 308578 |
| 162 <> 164 |    387 | 312033 |
| 164 <> 166 |    449 | 352033 |
| 166 <> 168 |    313 | 251637 |
| 168 <> 170 |    369 | 295651 |
| 170 <> 172 |    390 | 319340 |
| 172 <> 174 |    392 | 314341 |
| 174 <> 176 |    460 | 361701 |
| 176 <> 178 |    488 | 391005 |
| 178 <> 180 |    478 | 390271 |
| 180 <> 182 |    351 | 277410 |
| 182 <> 184 |    430 | 346658 |
| 184 <> 186 |    472 | 374341 |
| 186 <> 188 |    406 | 326248 |
| 188 <> 190 |    531 | 432416 |
| 190 <> 192 |    465 | 366994 |
| 192 <> 194 |    409 | 305016 |
| 194 <> 196 |    432 | 332392 |
| 196 <> 197 |    301 | 236852 |
================================
