
================================
| IO Statistics                |
|                              |
| Interval size: 2 secs        |
| Col 1: Frames and bytes      |
|------------------------------|
|            |1                |
| Interval   | Frames |  Bytes |
|------------------------------|
|   0 <>   2 |    309 | 237299 |
|   2 <>   4 |    252 | 203113 |
|   4 <>   6 |    427 | 297873 |
|   6 <>   8 |    391 | 310153 |
|   8 <>  10 |    390 | 294687 |
|  10 <>  12 |    284 | 214804 |
|  12 <>  14 |    359 | 276287 |
|  14 <>  16 |    227 | 175060 |
|  16 <>  18 |    311 | 238005 |
|  18 <>  20 |    263 | 205723 |
|  20 <>  22 |    311 | 227764 |
|  22 <>  24 |    359 | 281626 |
|  24 <>  26 |    245 | 193702 |
|  26 <>  28 |    221 | 165450 |
|  28 <>  30 |    294 | 238055 |
|  30 <>  32 |    405 | 315424 |
|  32 <>  34 |    322 | 255464 |
|  34 <>  36 |    298 | 233250 |
|  36 <>  38 |    347 | 264345 |
|  38 <>  40 |    343 | 251266 |
|  40 <>  42 |    359 | 257190 |
|  42 <>  44 |    229 | 179768 |
|  44 <>  46 |    188 | 144688 |
|  46 <>  48 |    311 | 245900 |
|  48 <>  50 |    337 | 263721 |
|  50 <>  52 |    372 | 289484 |
|  52 <>  54 |    395 | 313020 |
|  54 <>  56 |    288 | 217667 |
|  56 <>  58 |    272 | 214571 |
|  58 <>  60 |    330 | 257321 |
|  60 <>  62 |    362 | 272059 |
|  62 <>  64 |    337 | 256091 |
|  64 <>  66 |    301 | 231509 |
|  66 <>  68 |     96 |  74647 |
|  68 <>  70 |     70 |  48394 |
|  70 <>  72 |    200 | 152759 |
|  72 <>  74 |    240 | 189971 |
|  74 <>  76 |    177 | 139540 |
|  76 <>  78 |    121 |  87398 |
|  78 <>  80 |    157 | 125753 |
|  80 <>  82 |    224 | 168837 |
|  82 <>  84 |    532 | 431144 |
|  84 <>  86 |    494 | 401990 |
|  86 <>  88 |    671 | 547993 |
|  88 <>  90 |    494 | 399867 |
|  90 <>  92 |    526 | 412348 |
|  92 <>  94 |    437 | 353051 |
|  94 <>  96 |    563 | 449996 |
|  96 <>  98 |    253 | 183411 |
|  98 <> 100 |    448 | 363440 |
| 100 <> 102 |    605 | 470023 |
| 102 <> 104 |    427 | 341402 |
| 104 <> 106 |    518 | 422718 |
| 106 <> 108 |    718 | 573318 |
| 108 <> 110 |    585 | 469419 |
| 110 <> 112 |    655 | 531999 |
| 112 <> 114 |    662 | 540339 |
| 114 <> 116 |    627 | 499180 |
| 116 <> 118 |    570 | 458989 |
| 118 <> 120 |    561 | 457445 |
| 120 <> 122 |    647 | 528198 |
| 122 <> 124 |    666 | 542605 |
| 124 <> 126 |    602 | 487402 |
| 126 <> 128 |    550 | 442597 |
| 128 <> 130 |    719 | 585403 |
| 130 <> 132 |    569 | 461366 |
| 132 <> 134 |    537 | 436722 |
| 134 <> 136 |    632 | 515901 |
| 136 <> 138 |    478 | 387141 |
| 138 <> 140 |    499 | 406701 |
| 140 <> 142 |    475 | 391449 |
| 142 <> 144 |    558 | 446477 |
| 144 <> 146 |    581 | 468962 |
| 146 <> 148 |    707 | 574833 |
| 148 <> 150 |    646 | 512424 |
| 150 <> 152 |    627 | 504700 |
| 152 <> 154 |    686 | 558684 |
| 154 <> 156 |    638 | 521619 |
| 156 <> 158 |    525 | 410944 |
| 158 <> 160 |    333 | 233623 |
| 160 <> 162 |    458 | 376401 |
| 162 <> 164 |    410 | 330490 |
| 164 <> 166 |    289 | 234202 |
| 166 <> 168 |    522 | 428388 |
| 168 <> 170 |    513 | 417819 |
| 170 <> 172 |    271 | 209885 |
| 172 <> 174 |    341 | 278330 |
| 174 <> 176 |    724 | 586664 |
| 176 <> 178 |    477 | 381790 |
| 178 <> 180 |    514 | 419443 |
| 180 <> 182 |    432 | 346414 |
| 182 <> 184 |    585 | 465717 |
| 184 <> 186 |    602 | 489641 |
| 186 <> 188 |    717 | 585647 |
| 188 <> 190 |    455 | 371882 |
| 190 <> 192 |    579 | 470170 |
| 192 <> 194 |    546 | 446095 |
| 194 <> 196 |    624 | 507771 |
| 196 <> 198 |    482 | 393173 |
| 198 <> 200 |    378 | 299334 |
| 200 <> 202 |    511 | 417474 |
| 202 <> 204 |    555 | 448156 |
| 204 <> 206 |    389 | 315073 |
| 206 <> 208 |    503 | 413312 |
| 208 <> 210 |    514 | 398053 |
| 210 <> 212 |    438 | 353107 |
| 212 <> 214 |    449 | 365488 |
| 214 <> 216 |    590 | 470543 |
| 216 <> 218 |    545 | 434604 |
| 218 <> 220 |    408 | 335313 |
| 220 <> 222 |    952 | 601749 |
| 222 <> 224 |    825 | 630504 |
| 224 <> 226 |    800 | 622473 |
| 226 <> 228 |    557 | 452419 |
| 228 <> 230 |    671 | 518839 |
| 230 <> 232 |    604 | 476711 |
| 232 <> 234 |    399 | 320625 |
| 234 <> 236 |    410 | 312367 |
| 236 <> 238 |    649 | 529806 |
| 238 <> 240 |    570 | 469945 |
| 240 <> 242 |    569 | 454848 |
| 242 <> 244 |    518 | 407824 |
| 244 <> 246 |    546 | 443138 |
| 246 <> 248 |    553 | 443885 |
| 248 <> 250 |    554 | 451076 |
| 250 <> 252 |    597 | 479032 |
| 252 <> 254 |    609 | 495222 |
| 254 <> 256 |    689 | 558725 |
| 256 <> 258 |    652 | 525922 |
| 258 <> 260 |    491 | 398597 |
| 260 <> 262 |    498 | 409260 |
| 262 <> 264 |    510 | 418830 |
| 264 <> 266 |    431 | 345720 |
| 266 <> 268 |    586 | 473927 |
| 268 <> 270 |    498 | 407884 |
| 270 <> 272 |    536 | 432358 |
| 272 <> 274 |    428 | 341753 |
| 274 <> 276 |    148 | 117413 |
| 276 <> 278 |    127 |  92002 |
| 278 <> 280 |    157 | 106828 |
| 280 <> 282 |    330 | 268952 |
| 282 <> 284 |    214 | 168264 |
| 284 <> 286 |    225 | 183390 |
| 286 <> 288 |    302 | 241525 |
| 288 <> 290 |    230 | 175517 |
| 290 <> 292 |    181 | 129924 |
| 292 <> 294 |    325 | 257397 |
| 294 <> 296 |    329 | 261954 |
| 296 <> 298 |     78 |  62196 |
| 298 <> 300 |    196 | 113847 |
| 300 <> 302 |    268 | 209720 |
| 302 <> 304 |    108 |  82025 |
| 304 <> 306 |    282 | 218694 |
| 306 <> 308 |    130 | 100156 |
| 308 <> 310 |    540 | 435640 |
| 310 <> 312 |    509 | 411545 |
| 312 <> 314 |    358 | 291168 |
| 314 <> 316 |    200 | 155860 |
| 316 <> 318 |    311 | 245205 |
| 318 <> 320 |    254 | 200294 |
| 320 <> 320 |      6 |   4764 |
================================
