0
0
112
0
0
352
9862
996487
1483293
1483911
1484589
1483269
1482912
1482481
1485388
1484634
1483001
1485824
1483762
1484313
1484075
1483314
989732
1484654
1481319
1484400
1485496
1485180
1484783
1485115
1485481
1485788
1484511
1484731
1484987
1485648
1483892
1482575
1483415
1483686
989241
1485696
944723
726896
725371
725874
667204
723830
744662
769173
721766
729792
727271
725903
726972
726518
725448
726867
727307
726896
725633
726896
725860
725981
726896
725060
726371
725725
685213
750174
716304
742755
725688
726319
714889
727195
725998
726107
724000
729646
724443
728042
724297
727427
725975
727136
703664
725688
710466
723641
728767
726078
727230
725448
727544
724502
726896
725662
727075
726051
726259
726896
725701
726183
725741
725682
708735
727136
725839
726594
725891
712627
240
0
59
240
0
240
0
59
278
0
480
0
0
1484
0
240
100
120
240
110
240
590
0
